{
  "advancedEditorSelectedIdentifier" : "ProjectBrowser",
  "openSceneRelativePaths" : [
    "Immersive.usda"
  ],
  "recentIdentifiers" : {
    "08537700-2543-4A42-B2B2-909BA9EF7A95" : [

    ],
    "A88B2A62-D031-466F-800A-4B2DCD3292F6" : [

    ],
    "AF09ED6F-1707-48FD-8720-65B998362C09" : [

    ]
  },
  "sceneCameraHistory" : {
    "08537700-2543-4A42-B2B2-909BA9EF7A95" : [
      {
        "date" : 755170019.817208,
        "title" : "Untitled",
        "transform" : [
          -0.1558965,
          1.6345685e-09,
          -0.9877734,
          0,
          -0.015410323,
          0.99987835,
          0.0024321536,
          0,
          0.98765314,
          0.01560107,
          -0.15587753,
          0,
          0.5209,
          0.18989594,
          -0.08059883,
          1
        ]
      },
      {
        "date" : 755169904.397288,
        "title" : "Untitled",
        "transform" : [
          -0.15589663,
          -2.884914e-12,
          -0.98777336,
          0,
          -0.015410323,
          0.99987835,
          0.0024321545,
          0,
          0.9876532,
          0.0156010715,
          -0.15587766,
          0,
          0.6220372,
          0.22750123,
          -0.058491647,
          1
        ]
      },
      {
        "date" : 755169896.760729,
        "title" : "Untitled",
        "transform" : [
          -0.14471483,
          -1.05236375e-10,
          -0.98947334,
          0,
          -0.032093555,
          0.9994738,
          0.004693824,
          0,
          0.98895276,
          0.032434985,
          -0.1446387,
          0,
          0.5414357,
          0.1980224,
          -0.0509125,
          1
        ]
      },
      {
        "date" : 755169889.144284,
        "title" : "Untitled",
        "transform" : [
          -0.84127516,
          -1.1078787e-09,
          -0.5406072,
          0,
          0.028370058,
          0.9986221,
          -0.044148553,
          0,
          0.5398623,
          -0.052478135,
          -0.8401159,
          0,
          0.68532485,
          0.14346588,
          0.023692548,
          1
        ]
      },
      {
        "date" : 755169885.760261,
        "title" : "Untitled",
        "transform" : [
          -0.36266884,
          -3.0792326e-09,
          -0.931918,
          0,
          -0.1923082,
          0.97847664,
          0.07483941,
          0,
          0.9118601,
          0.20635745,
          -0.35486305,
          0,
          0.7180001,
          0.12803182,
          0.09868032,
          1
        ]
      },
      {
        "date" : 755169881.631411,
        "title" : "Untitled",
        "transform" : [
          0.6268653,
          -5.4911875e-10,
          -0.77912766,
          0,
          -0.06312169,
          0.9967128,
          -0.05078603,
          0,
          0.77656657,
          0.08101586,
          0.62480474,
          0,
          0.6795426,
          0.064706564,
          0.44307002,
          1
        ]
      },
      {
        "date" : 755169128.662833,
        "title" : "Untitled",
        "transform" : [
          0.6268653,
          -5.4911875e-10,
          -0.77912766,
          0,
          -0.06312169,
          0.9967128,
          -0.05078603,
          0,
          0.77656657,
          0.08101586,
          0.62480474,
          0,
          0.59704137,
          0.045220613,
          0.5481369,
          1
        ]
      },
      {
        "date" : 755168056.471315,
        "title" : "Untitled",
        "transform" : [
          0.6268653,
          -5.4911875e-10,
          -0.77912766,
          0,
          -0.06312169,
          0.9967128,
          -0.05078603,
          0,
          0.77656657,
          0.08101586,
          0.62480474,
          0,
          0.7714436,
          0.47126487,
          0.2761309,
          1
        ]
      },
      {
        "date" : 755164552.676026,
        "title" : "Untitled",
        "transform" : [
          0.6268653,
          -5.4911875e-10,
          -0.77912766,
          0,
          -0.06312169,
          0.9967128,
          -0.05078603,
          0,
          0.77656657,
          0.08101586,
          0.62480474,
          0,
          0.664326,
          0.23288181,
          0.44017747,
          1
        ]
      },
      {
        "date" : 755162981.459369,
        "title" : "Untitled",
        "transform" : [
          0.6268653,
          -5.4911875e-10,
          -0.77912766,
          0,
          -0.06312169,
          0.9967128,
          -0.05078603,
          0,
          0.77656657,
          0.08101586,
          0.62480474,
          0,
          0.624825,
          0.092716366,
          0.50744784,
          1
        ]
      }
    ]
  },
  "sceneViewportBackgroundColors" : {

  },
  "selectedSceneRelativePath" : "Immersive.usda"
}